1800
72838
01/10/2021 00:00:00
5
0
"Bosque","BR"
1	1
2.84736	3.18284
2.50574	2.79408
1	1
0	0
2.24835	2.70394
1.12637	0.17809
104.638	71.252
10	10
0.7	0.7
6.6	6.6
-0.25	-0.25
0.1	0.1
Quick
0	0
0.75	0.75
1000	1000
0	0
0	0
1.07774	1.97965
1	1
0	0
1000	1000
10	10
0.2	0.2
0	0
1
0
0
0
QuickRip
0	0
0.25	0.25
1000	1000
0	0
0	0
1.43646	2.33381
1	1
0	0
1000	1000
10	10
0.2	0.2
0	0
1
0
0
0
Soil
110	110
0.75	0.75
100	100
100	100
0.00671454	0.047689
1.67826	1.32354
0.345893	0.402221
1	1
1000	1000
1000	1000
0.009	0.01
0	0
0
0
0
0
SoilRip
350	350
0.25	0.25
25	25
320	320
0.0024423	0.0020195
1.43183	1.76973
0.040252	0.090254
1	1
322.575	322.575
1000	1000
0.537625	0.537625
0	0
0
0
0
1
Groundwater
1200	1200
1	1
100	100
1000	1000
0	0
194.468	215.721
0	0
0	0
4500	4500
10	10
0.2	0.2
0	0
0
0
0
0
1
RAP
2.584
0.1
1772
1
2.41802
0.86476
0.266081
0.49719
0.0949495
0.018
0
1.29371
1.12904
0
0
51.6409
10.6985
28	72
1
0	0	1	0	0	
0	0	0	1	0	
0	0	0	0.55	0.45	
0	0	0	1	0	
0	0	0	0.4	0.6	
2
0	0	1	0	0	
0	0	0	1	0	
0	0	0	0.6	0.4	
0	0	0	1	0	
0	0	0	0.35	0.65	
